-92382431.3092719673184469728832423
-1934767493.9206809530504661281699648
5145235536.1154233387281287186031366
-5992498934.9792248499661390841344680
1114231258.9332982082076143516843313
-1224752173.1751992227504325792197230
5215525148.9354445157621887174356495
-971063913.2327930807497611672244859
-4374079530.5141447404180122889239493
5077281069.6092466133561511770448789
8737894214.5396983161680354432747201
1102818372.7181592961914523513371552
-4956858332.4023010191699594290936764
-1600442629.5913236476675899779531415
-7199776342.3598452297679419058967310
8554802428.5492441668438538417226292
-8140167865.4765333845629734786882029
-3610878582.3143186607717456109551800
-6691431549.7265610126486588388972781
371842660.5893332043042084716629716
-8129295134.1708370367998757311704609
4911611592.3935504084064721071845961
2000203167.9192564108571436694624624
7266731723.6069259491932361558439810
-6982954892.470047713136488718287509
9676048147.1683550354091785047468801
-2032253943.97777341862694360266171
-5499679080.727040338709743505817315
-6679037719.7971172732736395216763227
6062430180.4405638997504296321474623
6321414994.6346874787226895724369473
-571997879.3660004673408909658472973
6329846684.3840675644635615949825971
2382222365.3769274753917423923980132
9631489663.2930035658984620836636393
2932685522.6771142207195237461770733
-7990121951.4348836514750643938859735
3248727069.9631578661705815120655725
2347374168.7650881069225082330673364
-3708927153.5834888874915629076382034
-6001603499.2020987860479669349381321
-7477754506.3348555245960161786616987
6066955972.2362599859623005514701213
5835466627.1430822638387674697918469
7958137730.8068222215591592214991469
5440400891.670769773734217239102613
-4632343869.1116963741396434826043529
9373476580.8000726771721325422690710
-1507969421.4004638255452298110867681
-8446113309.9754109312593230663817484
5220384697.3621038150134744101739867
-2060972859.1715783994927460859044688
6394877444.9506659027246919312330892
-674631232.7313280283522226805723476
-1853435182.9129902560545066210999645
-372258377.1594036937864880221916074
-2263629909.5567622449578326292055242
7749874309.2014242209384321634003170
2543582543.5334262546770889988050632
1000531397.4607818986009633398635727
9850007919.9555641707876502444862340
7246068416.4231485128928831470960383
-7634725999.8049889675481457523122609
867934220.8638879510679559733806192
9468760748.2539601232123706189614756
8616455053.3709098467940655847357827
-6873055683.4174367430608688667179884
6190877241.877441533385976921592227
-3630772463.4696571874477214790999804
-8109562347.3258069093795396465090288
-4254981193.3649123988507527368761487
3051715682.6972596761470102973747392
-1870615371.8053024164467049645343473
-7941822572.1291301381013157059853877
-8712623760.1520012382361180863274266
-2342454473.1511101990230081011603550
-8823234745.6872098697543122156538988
-7894400938.6625883790181902712304034
3679143669.4379527118789385960172581
-2326249923.2167223290733259790852816
-1057150577.1260840638008063691859142
-3561507434.6587598808079394111377416
1681203893.7258113429655817907887325
8992375715.7282622210654520472385060
9662354241.531970874463368031606967
-3745783036.4559500967659791184077995
-2747652901.2435603131498913760209929
620089332.9641354008940956923267794
-7635294555.2775004344487331442775466
490242314.4592704676586019461818749
1580480980.9277148093175767291891133
3658005012.6285712989059181530145389
1712689418.7681180817223538236116408
-8093111695.8826673755534903941722585
9844928150.5714302727975208571921831
9128707100.8420768181267262129443066
6877369334.8536455820527932091350556
-4570793566.2631028648271355399827552
-9222111765.4873803048275504177438207
-24511527908.9912396217753881233321490